238 126 135 50 94 113 148 46 130 219 151 100 33 7 54 179 214 216 5 105 239 153 39 57 50 234 92 92 151 154 247 112 25 74 47 165 57 174 81 231 14 20 6 159 174 69 62 204 55 214 76 101 86 166 37 125 230 13 42 123 28 138 235 22
98 76 239 89 223 125 111 145 137 72 36 223 226 225 233 80 88 119 49 229 35 91 117 219 223 6 63 253 157 53 130 187 198 193 58 206 204 21 31 136 184 200 237 77 92 64 4 176 101 19 4 97 244 114 103 136 138 158 246 126 253 200 155 46
44 2 185 178 139 122 147 1 167 207 233 51 64 201 138 4 153 175 178 113 243 217 17 254 58 97 182 240 203 185 229 15 30 99 175 181 165 170 224 165 51 5 250 0 150 44 136 183 144 89 81 78 79 145 232 141 155 188 57 32 38 178 135 244
13 13 161 218 79 239 112 6 47 150 3 94 254 192 68 167 114 103 229 136 206 219 18 189 204 138 126 243 199 126 150 123 161 105 190 112 122 89 153 233 80 183 71 3 76 38 73 232 210 46 204 165 227 136 128 243 147 38 221 117 127 55 129 22
65 210 142 180 249 233 26 117 116 86 105 11 4 177 135 104 100 181 113 58 146 67 73 77 130 220 177 173 135 189 165 218 156 14 239 13 136 180 12 252 204 171 27 29 189 150 219 201 162 112 83 184 113 179 122 254 232 179 174 16 99 242 224 162
175 230 64 3 2 228 36 136 151 25 140 175 105 33 154 133 141 97 102 113 228 67 93 31 207 106 129 140 146 4 58 4 174 115 176 210 64 191 120 164 211 137 31 141 70 198 249 187 53 250 116 175 71 227 250 169 54 247 233 144 249 80 7 77
194 142 87 173 12 191 186 123 224 8 106 180 242 206 38 209 67 223 238 49 44 63 157 157 94 67 227 183 83 229 30 79 76 167 76 185 70 10 37 47 143 188 159 98 187 212 15 125 121 4 165 102 67 155 129 48 38 54 100 100 224 137 17 227
126 223 190 148 174 184 223 234 1 14 29 208 32 11 98 27 45 155 161 146 187 246 31 0 12 227 23 165 19 147 251 161 196 86 93 122 21 209 188 199 189 167 60 51 168 188 250 165 118 85 241 63 179 79 183 50 93 40 222 241 221 231 165 34
26 97 213 122 55 200 175 11 218 184 205 30 3 206 68 51 82 219 249 172 235 198 110 226 166 135 90 115 107 246 131 207 39 113 246 238 199 205 59 86 92 31 35 219 149 245 147 126 147 22 189 126 117 30 197 104 21 105 50 179 236 6 145 55
157 28 175 143 99 89 30 175 249 44 199 188 230 25 249 113 89 27 85 149 99 40 200 100 164 33 117 67 150 9 149 232 20 239 244 53 125 150 187 193 221 234 173 90 43 149 132 123 157 86 9 4 109 234 92 152 121 142 85 228 73 184 126 79
255 17 74 98 201 193 65 74 2 233 114 34 83 135 21 109 219 68 34 190 8 187 94 35 207 111 104 232 39 8 189 15 119 162 202 35 139 122 175 231 185 90 254 41 68 143 119 109 209 59 240 225 234 128 21 116 196 213 0 111 244 245 98 200
254 99 182 6 216 165 154 37 218 255 226 236 76 119 58 231 250 248 148 225 100 175 244 50 17 216 247 234 195 235 198 5 219 57 132 204 163 221 5 182 79 101 207 182 130 43 228 144 218 71 157 0 104 173 117 138 252 78 144 134 250 5 208 125
132 224 133 176 168 28 34 86 194 8 159 52 8 212 102 142 37 62 128 191 125 12 116 54 155 239 147 187 80 113 234 28 70 57 96 69 208 165 78 92 161 237 140 163 83 50 185 88 124 189 11 88 131 74 35 138 130 33 136 155 255 88 87 159
19 175 90 14 42 90 147 101 29 205 201 242 112 219 108 98 255 154 200 106 157 195 70 25 5 183 15 153 11 170 246 253 24 166 99 102 141 244 157 81 158 249 157 208 106 225 207 232 72 171 201 105 70 84 208 182 38 188 68 39 244 49 218 68
185 159 24 0 139 128 32 226 20 72 247 26 245 30 229 230 192 48 202 36 238 135 202 158 75 198 193 232 10 158 94 234 189 133 196 111 174 29 77 249 174 179 126 159 116 39 1 140 215 8 170 114 191 40 114 241 123 205 4 154 226 50 169 26
220 106 78 12 104 134 136 247 4 245 254 13 77 76 69 164 97 154 123 202 236 172 176 138 95 147 176 155 20 124 30 113 236 162 113 205 159 13 90 207 53 171 22 194 185 5 41 0 200 114 123 229 90 107 226 57 65 115 130 47 58 140 60 196
255 5 250 192 149 60 205 72 61 187 131 86 96 24 152 213 226 205 244 19 93 220 119 135 72 80 208 64 29 156 69 204 179 56 10 113 251 108 170 120 224 114 225 42 166 74 160 154 150 123 79 241 193 86 109 53 151 48 206 159 202 230 108 153
245 141 244 198 237 94 169 79 103 143 205 64 152 111 88 16 29 254 69 31 2 45 153 144 152 14 214 53 41 200 155 67 114 216 252 44 6 222 226 64 171 242 201 55 154 28 64 29 226 245 192 28 57 242 216 204 27 172 183 247 7 238 96 28
12 14 103 2 148 249 57 76 236 195 48 163 185 124 92 240 33 71 5 141 124 119 221 75 233 163 164 119 125 30 62 113 152 52 143 166 228 26 248 158 89 168 2 73 159 174 19 27 168 145 164 15 46 33 246 213 172 232 99 123 62 13 227 13
64 116 237 210 45 5 30 91 219 109 207 2 114 138 97 92 123 176 158 74 132 244 153 188 171 47 19 20 234 228 92 126 49 46 212 20 8 76 108 211 228 64 36 67 111 161 105 200 64 251 61 20 145 223 106 2 94 99 57 120 147 1 109 103
233 4 49 14 102 111 98 233 150 86 187 202 236 27 120 88 41 62 183 191 117 88 240 73 226 138 137 39 13 172 37 140 212 66 162 48 107 25 170 160 136 13 82 21 208 119 241 16 250 211 130 107 175 100 54 70 43 241 176 30 114 200 173 150
101 149 4 89 227 11 140 127 27 240 129 166 157 21 79 57 185 92 64 1 59 155 135 212 238 182 193 73 150 253 186 166 3 189 97 204 239 162 55 147 200 94 219 206 225 7 46 218 59 107 8 62 63 159 197 245 122 179 140 15 90 210 21 17
114 237 183 72 153 146 138 153 186 106 249 171 196 49 166 111 207 59 237 97 11 128 245 20 41 141 136 12 73 165 187 214 200 114 220 108 35 163 189 35 190 164 26 211 15 70 225 128 108 205 245 199 48 252 53 17 179 129 10 139 22 251 104 60
207 130 58 193 178 180 224 48 50 85 6 238 42 33 22 252 149 194 145 234 239 141 66 2 102 240 207 150 57 161 215 135 62 122 177 224 5 189 157 49 16 218 177 246 35 11 175 241 17 41 190 44 252 166 142 187 20 149 82 167 254 166 229 120
151 80 202 166 95 253 217 108 240 243 42 3 162 101 49 179 183 160 83 238 179 192 9 43 210 45 64 184 163 171 70 67 226 69 219 37 91 65 8 226 13 219 157 246 85 231 22 189 103 189 80 224 254 40 3 30 57 96 51 62 85 59 57 176
230 164 37 38 185 87 244 229 159 57 80 192 84 206 168 171 48 47 6 21 4 121 21 64 142 233 225 75 230 190 204 127 164 84 142 217 33 150 228 72 253 76 239 187 97 214 116 134 108 194 88 7 242 39 49 19 64 235 114 22 52 1 139 136
12 74 83 189 52 6 228 15 8 50 244 47 203 235 158 219 154 171 204 22 217 221 78 213 16 77 99 145 235 130 143 140 111 249 235 252 194 131 217 113 45 35 116 143 245 75 239 133 214 106 11 250 17 201 115 250 31 179 10 209 19 79 83 242
47 193 244 182 46 133 174 22 89 130 60 175 42 171 228 201 143 171 155 250 68 219 162 22 21 181 182 189 78 235 198 142 174 99 121 125 89 102 103 40 155 212 18 152 25 85 68 151 145 234 224 82 119 142 221 222 162 198 100 211 125 233 223 209
216 222 138 175 178 1 116 249 100 0 199 92 172 210 181 234 113 67 120 18 178 166 228 45 21 217 45 208 235 173 251 42 122 151 172 246 251 53 8 86 127 207 227 217 62 210 83 141 175 218 249 65 241 190 227 56 217 130 234 79 123 21 19 187
106 141 223 15 84 250 194 33 123 106 130 118 47 196 130 129 64 227 38 47 6 30 231 175 167 244 12 253 105 103 22 169 190 250 18 101 218 251 195 83 220 123 255 105 4 57 112 185 25 11 195 140 117 104 74 18 251 21 237 245 138 198 182 125
118 104 221 19 215 130 78 183 66 194 184 18 142 60 210 168 203 84 62 57 97 99 20 82 117 224 64 163 81 255 75 214 141 103 135 155 25 73 99 82 130 228 236 115 31 227 31 199 68 158 38 88 189 100 145 208 76 220 25 219 67 217 184 109
132 78 88 17 33 145 18 106 0 240 12 187 107 53 114 107 41 233 94 220 32 246 175 165 49 69 210 181 79 49 6 98 34 22 179 170 117 51 105 239 177 109 44 39 68 99 61 215 3 227 119 231 140 171 116 94 251 65 148 80 206 95 172 25
43 103 89 37 50 45 55 36 113 192 232 55 40 16 98 28 160 10 108 58 170 78 143 149 138 24 132 119 145 58 233 129 162 67 180 90 27 66 176 141 31 38 147 175 202 43 125 133 1 143 31 182 210 33 149 166 148 117 93 0 153 243 50 3
127 59 136 11 80 18 62 34 179 44 91 35 155 64 178 194 114 146 63 79 152 44 174 43 81 28 171 9 33 251 170 248 193 11 123 89 216 152 248 211 127 5 213 152 169 114 5 220 12 126 150 168 76 167 69 88 63 215 171 145 49 109 89 127
156 224 47 46 242 115 85 45 147 169 145 131 226 239 20 229 107 177 92 42 31 181 23 51 176 178 133 105 23 41 189 157 70 128 93 39 201 254 124 237 38 250 226 206 149 219 26 13 116 255 194 80 231 194 86 212 218 134 80 8 225 183 134 68
200 129 182 222 75 71 121 93 197 58 56 5 114 184 14 188 28 0 17 240 165 4 219 230 9 91 46 111 165 214 225 250 103 236 185 130 184 108 37 25 249 209 127 135 210 25 0 3 20 81 59 45 108 243 49 68 188 141 96 168 176 197 240 64
58 146 223 164 91 19 203 151 7 216 118 25 5 12 193 169 72 213 46 197 69 86 204 77 95 21 144 188 145 108 251 61 147 232 110 0 239 132 1 55 35 89 45 202 78 133 113 206 136 196 68 108 133 139 119 134 69 199 111 183 129 98 89 16
168 217 88 103 215 61 245 131 252 192 74 171 80 204 243 25 58 176 88 147 232 249 12 253 74 51 58 227 165 10 138 13 105 148 114 46 207 116 202 132 254 13 177 21 52 66 210 233 135 217 60 61 187 0 221 104 49 51 111 57 178 48 194 225
215 64 85 124 79 0 100 208 228 58 185 179 121 211 28 107 122 72 139 88 17 23 168 250 170 12 222 208 163 61 85 97 77 59 102 25 15 122 106 204 159 32 83 247 184 180 24 211 204 141 121 109 201 88 8 100 68 33 246 85 223 73 249 123
68 190 68 245 62 82 33 143 2 164 215 166 63 175 213 73 200 38 109 154 161 43 230 198 78 31 25 209 185 162 16 189 83 183 62 250 174 55 147 162 70 51 181 84 217 79 155 249 64 216 143 227 169 213 106 48 174 109 109 135 187 117 9 71
253 131 105 34 9 116 226 170 15 241 213 173 101 128 135 111 29 64 75 8 5 46 186 152 99 88 198 167 3 145 208 23 104 28 160 109 10 120 106 148 190 179 8 36 59 216 85 196 117 90 187 167 80 105 238 228 38 236 224 139 158 245 198 57
31 183 83 139 137 166 131 19 186 94 234 234 48 33 61 220 219 216 220 114 180 207 239 68 154 120 24 196 85 165 89 1 92 133 206 243 61 208 147 49 19 38 54 22 206 140 117 86 173 66 67 97 71 83 29 236 116 237 173 242 93 248 133 169
174 66 185 248 241 57 129 40 135 103 70 249 49 128 137 228 210 199 28 99 243 213 127 151 18 211 31 157 89 14 95 204 101 19 146 135 147 39 101 34 85 179 104 44 23 235 51 224 222 43 29 110 31 86 21 100 187 100 37 233 44 96 31 120
58 216 227 47 37 29 167 64 247 119 158 176 119 171 153 181 168 145 166 197 140 194 111 221 225 253 114 199 250 214 104 119 176 40 114 13 37 8 28 188 84 145 159 226 23 216 229 130 8 211 137 108 150 208 144 208 67 162 206 126 238 250 24 208
136 235 177 243 206 129 93 125 188 19 193 115 222 192 44 176 169 244 244 2 63 116 106 240 251 225 213 99 138 141 19 55 37 248 58 59 189 169 8 178 156 229 178 140 237 130 254 105 153 122 236 111 157 211 110 178 50 51 44 23 16 104 66 235
97 164 41 150 30 120 61 56 161 8 37 129 216 127 31 121 4 137 182 117 160 198 14 176 7 43 204 159 236 254 100 91 34 168 249 238 224 72 82 231 189 150 47 223 153 254 204 73 78 72 126 194 28 233 39 4 139 181 232 38 183 88 40 246
180 31 168 164 37 90 141 139 74 9 43 60 137 78 240 11 228 172 233 189 84 130 173 186 2 129 189 127 251 155 67 20 200 202 85 164 116 250 204 122 140 122 170 82 184 171 248 166 32 25 84 170 253 29 34 160 88 145 44 244 45 161 19 134
127 156 175 191 242 59 111 4 58 60 115 26 154 250 125 63 64 15 206 185 231 73 69 116 123 5 245 128 180 55 155 134 50 102 218 133 49 153 249 240 0 177 184 237 162 63 29 140 4 22 241 191 151 7 78 210 114 166 185 99 176 239 89 108
172 11 179 161 150 193 226 251 139 206 142 183 87 226 0 211 187 95 83 210 128 93 233 2 98 51 98 88 103 230 160 197 215 222 72 212 20 108 123 123 107 90 38 190 255 254 203 84 245 118 145 42 80 0 172 37 234 51 104 180 238 29 85 148
189 1 173 106 154 254 203 92 23 174 209 236 100 204 94 113 72 209 20 179 81 141 35 60 31 163 6 115 54 101 30 38 26 30 228 32 184 174 53 40 99 39 9 116 89 74 130 86 92 198 196 194 241 201 68 104 11 86 131 48 30 162 28 244
156 82 54 201 199 166 245 239 191 23 55 70 59 169 120 175 84 64 51 227 236 123 238 176 41 92 234 150 221 157 16 128 49 25 51 231 255 155 35 221 13 77 245 172 237 243 206 212 19 254 75 148 221 107 223 73 72 198 246 11 180 94 214 49
99 128 119 8 168 191 118 166 187 108 171 145 48 68 145 129 87 109 245 145 92 242 101 224 167 33 160 229 202 30 241 135 160 123 224 8 237 0 77 232 165 252 249 49 177 64 171 230 57 212 67 233 83 149 117 188 159 106 86 208 149 198 22 106
226 171 180 79 114 138 199 158 183 79 100 43 21 54 112 134 60 195 59 27 10 169 159 148 18 158 160 45 175 29 123 80 225 214 94 240 125 103 6 58 123 55 150 162 155 173 77 226 215 108 78 232 84 155 75 53 43 180 22 111 140 50 246 154
126 114 177 134 87 114 172 100 40 54 136 156 19 147 197 135 219 120 2 12 188 69 64 78 73 219 200 165 226 47 133 171 81 218 71 204 90 239 164 9 222 59 1 117 79 86 66 241 12 215 182 66 62 147 245 214 70 86 222 189 112 134 155 140
32 83 243 223 86 194 15 58 40 66 238 173 168 178 49 84 155 23 54 187 142 65 157 168 32 209 243 124 103 202 185 17 125 213 7 213 242 62 191 65 182 255 214 143 246 201 201 8 189 244 87 59 198 100 56 253 25 255 219 54 213 14 220 142
40 234 83 148 184 156 254 217 37 171 186 193 130 73 225 245 34 198 127 63 158 7 2 242 136 10 242 101 179 159 116 72 67 126 237 186 176 208 174 99 126 19 248 129 69 195 255 62 15 81 163 111 170 227 216 234 36 87 43 15 1 251 97 73
183 242 116 105 201 75 59 167 190 190 24 70 225 143 130 165 164 107 185 203 9 125 84 145 4 226 183 245 241 25 51 172 35 47 164 46 58 186 47 243 167 231 123 207 57 217 254 244 125 30 110 98 227 174 244 189 56 41 218 161 229 23 0 197
107 101 198 165 173 134 2 230 107 222 213 46 226 5 70 240 1 66 120 98 208 73 120 166 110 33 47 121 232 71 145 121 241 246 220 245 143 122 233 147 255 153 253 240 78 222 155 144 114 89 193 8 24 208 124 132 87 247 155 24 95 40 78 105
149 227 91 25 54 220 217 20 102 253 85 40 96 70 204 138 184 88 70 139 217 232 93 192 192 167 113 79 88 105 181 118 33 17 60 180 37 108 3 241 76 94 116 188 60 150 126 183 253 34 29 246 86 234 36 255 119 248 26 251 180 146 178 56
168 95 110 35 233 111 110 191 81 5 120 137 74 208 138 78 21 204 102 158 173 163 125 12 31 0 177 130 30 198 33 35 187 106 33 8 25 127 253 89 184 240 68 99 211 180 135 202 239 125 97 153 231 108 224 221 248 59 212 208 52 55 52 87
180 47 135 58 141 53 87 98 111 126 37 41 242 231 106 108 77 114 172 124 32 92 231 222 74 159 42 204 35 176 67 136 212 218 179 254 197 201 74 83 60 4 37 69 4 57 196 246 83 186 166 87 118 180 96 212 185 203 190 231 142 157 60 218
22 204 148 114 245 234 169 2 240 104 241 140 155 136 154 148 118 245 2 152 166 104 229 10 38 45 209 39 69 14 89 59 204 206 228 60 135 94 8 52 235 159 235 136 132 52 5 164 252 62 125 108 233 33 144 26 85 101 79 91 197 138 203 197
78 174 8 251 126 155 199 62 199 240 27 28 227 154 31 104 130 84 247 197 83 239 227 154 71 191 193 243 67 95 16 102 49 255 81 185 24 103 12 75 55 95 156 149 104 231 110 10 109 63 83 112 148 66 201 144 233 239 29 225 245 162 114 81
35 85 253 137 178 168 156 126 150 252 172 1 54 78 75 128 182 157 183 216 201 221 218 0 208 31 216 142 252 119 47 113 225 59 67 157 91 99 33 203 78 122 48 133 84 118 140 182 17 192 167 148 130 239 13 184 194 249 230 225 152 221 96 211
